02818
14143
23472
35043
46258
59884
610010
712066
813270
912904
1012583
1111154
1210912
139498
147670
156488
164958
173867
183128
192541
202077
211735
221483
231259
241108
25967
26928
27847
28727
29718
30684
31637
32608
33566
34630
35602
36649
37617
38681
39681
40725
41752
42713
43732
44770
45706
46752
47767
48708
49721
50759
51696
52708
53730
54707
55728
56674
57697
58691
59683
60708
61714
62765
63842
64775
65824
66776
67879
68958
691052
701136
711260
721376
731534
741707
751748
761847
771843
782115
792162
802203
812007
821604
831335
84979
85789
86606
87395
88335
89306
90266
91229
92215
93169
94147
95136
9683
97104
9882
9984
100107
101108
102107
103118
104105
105113
10694
107126
108102
109113
110103
111104
11294
11380
11478
115112
11698
11793
118124
11984
12084
121100
122103
123111
124105
125100
12694
127124
128105
12995
130107
131120
132101
13390
13486
13599
136103
137101
138118
139137
140202
141218
142246
143249
144251
145315
146349
147429
148485
149521
150629
151723
152731
153891
154888
1551090
1561289
1571343
1581336
1591162
160975
161761
162643
163601
164674
165516
166503
167469
168430
169415
170355
171359
172373
173426
174426
175351
176314
177248
178196
179183
180157
181144
182111
183121
184133
185123
186137
187120
188110
189127
19089
19192
192105
193102
194101
195123
19695
197105
19890
199105
200131
201115
202117
203125
20497
205104
206109
207103
208119
209119
210115
21195
212116
213111
214109
215132
216148
217131
218143
219165
220183
221160
222142
223149
224134
225115
226101
227117
228109
229106
230111
231115
232112
233107
234131
235124
236143
237141
238188
239186
240219
241235
242316
243359
244377
245446
246502
247532
248534
249562
250487
251401
252414
253273
25423
2550
